1000
2 7 3 7 10 12 15 10 16 17 15 14 21 17 16 17 17 22 18 22 23 26 24 27 32 29 28 29 35 31 37 40 35 39 34 37 45 45 39 46 45 42 46 52 51 47 48 53 54 50 57 57 59 59 61 63 58 65 61 62 69 67 66 64 68 71 68 67 74 78 70 75 74 77 74 75 85 84 81 82 89 85 85 88 92 93 90 87 90 90 97 99 101 101 96 102 96 106 101 103
109 101 111 106 110 114 109 114 110 112 111 117 114 119 115 123 121 124 120 126 123 121 125 129 125 133 133 133 131 131 130 133 138 139 139 138 141 140 144 140 145 148 144 151 149 147 148 156 152 157 155 154 154 159 154 156 161 164 161 165 169 164 163 168 171 169 166 167 174 172 173 175 177 178 176 178 181 184 183 180 183 183 184 186 193 194 193 194 195 191 195 198 197 194 199 198 197 202 205 202
208 201 209 206 211 206 207 215 214 214 216 215 219 215 217 215 223 225 220 225 220 223 229 232 228 230 234 231 234 230 238 238 239 237 234 241 244 239 247 245 243 246 243 251 247 251 255 247 256 252 255 251 255 258 256 261 265 260 263 261 264 269 265 270 266 266 269 271 269 277 272 279 273 277 281 282 283 285 278 279 283 282 285 283 284 287 292 296 290 291 290 292 298 297 296 295 297 298 299 302
307 302 304 310 306 305 308 308 311 313 310 313 313 322 323 324 318 317 325 323 321 330 330 324 325 331 331 330 334 338 339 339 339 337 343 337 337 337 344 343 340 350 343 345 344 352 348 350 351 354 356 355 359 362 358 361 357 363 364 364 367 370 366 367 369 374 369 372 372 374 376 372 376 381 383 383 383 383 378 388 389 390 383 391 391 389 389 392 390 395 393 395 394 396 397 400 400 399 398 400
406 410 408 405 407 405 406 409 408 416 416 415 419 421 417 423 419 418 426 419 429 422 428 428 429 427 431 430 435 430 436 440 440 436 435 440 440 446 444 444 444 444 444 443 445 447 446 456 450 452 450 454 460 458 457 460 458 458 461 462 469 461 467 465 468 467 469 471 470 474 473 472 476 480 476 483 478 485 478 480 484 483 490 490 485 489 494 493 493 498 496 498 498 493 495 500 500 502 506 504
509 501 503 512 513 506 509 515 511 517 519 519 521 518 522 516 523 525 525 520 520 524 526 530 528 525 527 528 529 538 537 534 541 534 542 535 542 546 547 548 542 546 544 547 551 545 549 548 555 555 552 553 560 560 561 558 565 565 563 563 562 567 570 563 566 567 568 568 571 571 572 575 573 574 581 580 580 583 585 579 583 581 589 583 589 594 594 590 595 589 598 600 593 601 603 599 605 600 598 602
608 603 607 609 604 609 607 611 614 611 619 619 621 613 618 620 622 617 621 620 625 623 629 628 629 627 635 632 637 636 631 633 639 636 635 644 642 638 643 646 642 645 647 651 644 650 648 654 648 654 654 658 655 661 658 659 658 662 663 662 668 663 671 668 665 668 671 667 677 677 677 672 681 673 676 675 684 680 679 680 683 688 690 689 688 686 688 691 694 697 696 698 700 693 703 700 700 698 706 702
701 702 704 706 710 706 710 710 708 712 714 714 721 718 719 721 720 725 726 725 725 723 731 728 728 731 729 728 737 731 730 731 736 739 737 735 743 742 742 739 744 746 750 751 753 750 746 750 753 758 754 759 757 760 760 756 763 763 767 761 762 768 765 768 770 765 766 770 774 769 776 772 780 774 779 781 776 781 780 781 788 785 788 786 784 788 788 794 791 797 795 797 796 799 796 795 797 804 801 807
804 802 811 807 813 810 814 808 812 818 812 820 813 820 816 815 822 824 823 822 826 822 822 829 830 827 827 833 834 838 832 831 835 838 840 841 838 842 840 843 840 843 849 848 853 845 848 854 851 852 858 853 854 854 858 860 864 859 866 860 863 868 863 869 868 867 874 871 875 877 875 880 881 879 876 883 885 881 886 882 881 890 889 889 890 889 890 895 897 893 896 896 894 896 897 904 904 902 900 899
904 908 905 906 911 909 906 908 915 914 914 913 921 920 921 920 919 921 926 925 921 924 931 923 924 928 935 929 937 934 939 936 934 935 940 937 944 939 942 948 941 942 945 951 951 947 948 948 949 958 954 960 953 959 958 957 965 966 963 964 964 968 962 969 965 972 972 976 971 976 971 975 973 976 982 980 980 980 979 979 988 987 983 985 985 994 992 991 993 993 990 998 995 998 996 996 1004 1001 999 1002